<?xml version="1.0"?>
<opencv_storage>
<classifications type_id="opencv-matrix">
  <rows>273</rows>
  <cols>1</cols>
  <dt>f</dt>
  <data>
    97. 65. 97. 65. 97. 65. 97. 97. 65. 65. 98. 66. 66. 98. 66. 98. 66.
    98. 66. 98. 67. 67. 67. 67. 67. 68. 100. 100. 68. 68. 100. 68. 100.
    68. 100. 101. 69. 101. 69. 101. 69. 69. 101. 69. 70. 102. 70. 102.
    102. 70. 70. 102. 70. 102. 103. 103. 71. 71. 103. 71. 103. 71. 103.
    71. 104. 72. 72. 104. 72. 104. 72. 104. 72. 104. 73. 105. 73. 105.
    73. 105. 73. 105. 73. 105. 106. 74. 74. 106. 74. 106. 74. 106. 74.
    106. 75. 107. 107. 75. 75. 107. 75. 107. 75. 107. 108. 76. 76. 108.
    76. 108. 76. 108. 76. 108. 109. 109. 77. 77. 109. 77. 109. 77. 109.
    77. 110. 78. 110. 78. 110. 110. 78. 78. 110. 78. 79. 79. 79. 79. 79.
    112. 80. 112. 80. 112. 80. 112. 80. 112. 80. 113. 81. 113. 81. 113.
    81. 113. 81. 113. 81. 114. 82. 114. 82. 114. 82. 114. 82. 114. 82.
    83. 83. 83. 83. 83. 116. 84. 116. 84. 116. 84. 116. 84. 116. 84. 85.
    85. 85. 85. 86. 86. 86. 86. 86. 87. 87. 87. 87. 87. 88. 88. 88. 88.
    88. 121. 89. 121. 89. 121. 89. 121. 89. 121. 89. 90. 90. 90. 90. 90.
    95. 95. 95. 95. 95. 48. 48. 48. 48. 48. 49. 49. 49. 49. 49. 50. 50.
    50. 50. 50. 51. 51. 51. 51. 51. 52. 52. 52. 52. 52. 53. 53. 53. 53.
    53. 54. 54. 54. 54. 54. 55. 55. 55. 55. 55. 56. 56. 56. 56. 56. 57.
    57. 57. 57. 57.</data></classifications>
</opencv_storage>
