<?xml version="1.0"?>
<opencv_storage>
<classifications type_id="opencv-matrix">
  <rows>126</rows>
  <cols>1</cols>
  <dt>f</dt>
  <data>
    97. 65. 97. 97. 65. 65. 66. 98. 66. 98. 66. 98. 67. 67. 67. 68. 100.
    68. 100. 68. 100. 101. 101. 69. 69. 101. 69. 102. 70. 70. 102. 70.
    102. 103. 71. 103. 71. 103. 71. 72. 104. 72. 104. 72. 104. 106. 74.
    106. 106. 74. 74. 75. 107. 75. 107. 75. 107. 76. 108. 76. 108. 76.
    108. 109. 77. 109. 77. 109. 77. 110. 110. 78. 78. 110. 78. 79. 79.
    79. 112. 80. 112. 80. 112. 80. 113. 81. 113. 81. 113. 81. 114. 82.
    114. 82. 114. 82. 83. 83. 83. 116. 84. 116. 84. 116. 84. 85. 85. 85.
    86. 86. 86. 87. 87. 87. 88. 88. 88. 121. 89. 121. 89. 121. 89. 90.
    90. 90.</data></classifications>
</opencv_storage>
